"ntaxa" "mpd.obs" "mpd.rand.mean" "mpd.rand.sd" "mpd.obs.rank" "mpd.obs.z" "mpd.obs.p" "runs"
"LagodeAjo " 6 153.046548844875 212.178830098411 57.84550317197 4 -1.0222450840775 0.04 99
"Laguillin" 6 290.971953519763 119.372370551704 45.7644504682835 99 3.74962621012972 0.99 99
"LagoBurg" 18 265.092290253223 274.729490598691 52.8346365415016 52 -0.182403078289331 0.52 99
"LaFeixa" 6 170.854940880859 170.799394500138 54.3367104519333 69 0.00102226248625051 0.69 99
"IbondelasRanas" 8 217.351287710938 214.287984527024 58.2506446738448 67 0.0525883138472678 0.67 99
"LagunadeRioSeco" 18 265.380508621482 251.99352592101 52.0128067733369 67 0.257378586754817 0.67 99
"Gador" 20 304.869191696388 272.549542923144 52.310781559393 79 0.617839149211496 0.79 99
"LagoaComprida" 45 266.568902403852 260.577426894956 41.5888377145794 64 0.144064509568996 0.64 99
"PradodelasZorras" 11 249.661253627315 248.688684873885 58.1348977950619 56 0.0167295168705357 0.56 99
