"ntaxa" "mntd.obs" "mntd.rand.mean" "mntd.rand.sd" "mntd.obs.rank" "mntd.obs.z" "mntd.obs.p" "runs"
"LagodeAjo " 8 152.820433648148 224.567325182192 51.9160288628038 2 -1.38197957558823 0.02 99
"PuertodeLeitariegos" 15 157.341789260417 193.081916083754 62.9765296498412 30 -0.567515025392126 0.3 99
"PuertodeSanIsidro" 12 132.6848685 206.182997986396 45.8605912686794 5 -1.60264243118453 0.05 99
"LagoBurg" 10 100.539586835443 211.474612510293 52.1738568290431 1 -2.12625694968935 0.01 99
"Tramacastilla" 3 138.608307666667 251.306442714179 82.9766835283819 3 -1.35819040066797 0.03 99
"ElPortalet" 7 97.9633744561404 222.80895369378 62.2906606190568 1 -2.00424233740499 0.01 99
"IbondelasRanas" 6 170.236973304348 232.985752371761 56.5032354236622 11 -1.11053426581543 0.11 99
"LagunadeRioSeco" 13 156.351255658537 212.899102423996 51.4475564276251 14 -1.09913571590148 0.14 99
"LagoaComprida" 15 200.666857938462 197.428782755789 48.803385652613 61 0.0663493964480618 0.61 99
