"ntaxa" "mpd.obs" "mpd.rand.mean" "mpd.rand.sd" "mpd.obs.rank" "mpd.obs.z" "mpd.obs.p" "runs"
"LagodeAjo " 8 190.038142619342 242.178789535797 77.7310678139933 31 -0.670782589031525 0.31 99
"PuertodeLeitariegos" 15 233.62105587283 219.291596284435 71.0479623316774 73 0.201687129625192 0.73 99
"PuertodeSanIsidro" 12 213.157192979188 260.441591112577 71.1737544005394 36 -0.664351607297405 0.36 99
"LagoBurg" 10 161.840934869412 245.904836842885 72.6333614351012 3 -1.15737314523967 0.03 99
"Tramacastilla" 3 68.9168517578875 111.99214158926 50.8317006658439 10 -0.847409967935953 0.1 99
"ElPortalet" 7 138.925462340412 193.236099553454 74.2268788503571 17 -0.731684236953205 0.17 99
"IbondelasRanas" 6 203.779639002836 233.738473368505 75.0338279707228 49 -0.399271037822561 0.49 99
"LagunadeRioSeco" 13 217.225460923557 215.678550594187 61.6712307803569 72 0.0250831758957394 0.72 99
"LagoaComprida" 15 254.719691292308 243.607548472942 69.8769900478855 73 0.159024348526608 0.73 99
