"ntaxa" "mntd.obs" "mntd.rand.mean" "mntd.rand.sd" "mntd.obs.rank" "mntd.obs.z" "mntd.obs.p" "runs"
"LagodeAjo " 6 125.838082131579 233.67225270202 66.790651704937 5 -1.61450993242023 0.05 99
"Laguillin" 6 558.900839723077 238.497181081585 94.9300071922574 96 3.3751567930738 0.96 99
"LagoBurg" 18 135.409584345455 198.059379008632 34.514170322871 2 -1.81519051673863 0.02 99
"LaFeixa" 6 155.56461184375 243.395485171402 88.5178811153921 9 -0.992238768268244 0.09 99
"IbondelasRanas" 8 137.223324145833 229.111812055976 69.5506473228722 3 -1.32117372658766 0.03 99
"LagunadeRioSeco" 18 141.125281241379 195.28776265285 47.2161640616541 8 -1.14711735880845 0.08 99
"Gador" 20 175.415019382716 189.119055841876 34.7065875819551 36 -0.394854043970736 0.36 99
"LagoaComprida" 45 137.5715900883 159.820717567641 35.731229320368 29 -0.622680156897319 0.29 99
"PradodelasZorras" 11 215.756036277778 217.962306472783 51.7994576988044 52 -0.0425925346136694 0.52 99
